$object "" {
 #version 1.0
 #tag MergeMeshes "1"
 #tag Coords "XZY"
 #tag Scale "1.000000"
 $node "Scene_Root" {
  $frame {
    1 0 0
    0 1 0
    0 0 1
    0 0 0
   
  }
  $node "Root" {
   $frame {
     -1 0 0
     0 0 1
     0 1 0
     0 0 0
    
   }
   $node "Hips" {
    $frame {
      -1 0 0
      0 0 1
      0 1 0
      0 -0.0202228 0.9345499
     
    }
    $node "Spine1" {
     $frame {
       1 0 0
       -0 0.99713 0.07574
       0 -0.07574 0.99713
       0 0.0493678 0.0047664
      
     }
     $node "Spine2" {
      $frame {
        1 0 0
        0.00001 0.99392 -0.11014
        0 0.11014 0.99392
        -0 0.0536369 -0
       
      }
      $node "Spine3" {
       $frame {
         1 0 0
         0 0.99811 -0.06142
         -0 0.06142 0.99811
         -0 0.0458295 0
        
       }
       $node "Spine4" {
        $frame {
          1 0 0
          0 0.97973 -0.20034
          0 0.20034 0.97973
          0 0.0556613 -0.0000003
         
        }
        $node "Spine5" {
         $frame {
           1 0 0
           -0 0.98035 0.19729
           0 -0.19729 0.98035
           -0.0000001 0.0526617 0.0088677
          
         }
         $node "Neck1" {
          $frame {
            -1 0 0
            -0 0.94466 0.32805
            0.00001 0.32805 -0.94466
            0 0.2903169 -0
           
          }
          $node "Neck2" {
           $frame {
             1 0 0
             -0 0.99845 0.0557
             0 -0.0557 0.99845
             0 0.0499383 0
            
           }
           $node "Neck3" {
            $frame {
              1 0 0
              0 0.99619 0.08716
              -0 -0.08716 0.99619
              -0 0.0479006 0
             
            }
            $node "Head" {
             $frame {
               1 0 0
               -0 0.99576 0.09199
               0 -0.09199 0.99576
               -0 0.0422717 0.0020537
              
             }
             $node "EyeLeft" {
              $frame {
                1 0 0
                0 0 -1
                0 1 0
                0.0318346 0.0731662 -0.0792203
               
              }
              $node "EyeLeftPupil" {
               $frame {
                 1 0 0
                 0 1 0
                 0 0 1
                 0 0.0103604 0
                
               }
              }
             }
             $node "FacialLipUpperMiddle" {
              $frame {
                1 0 0
                0 1 0
                0 0 1
                0.0001943 0.0092914 -0.1168643
               
              }
             }
             $node "FacialLipLowerMiddle" {
              $frame {
                1 0 0
                0 1 0
                0 0 1
                0.0001901 -0.0063142 -0.115279
               
              }
             }
             $node "LeftFacialLipLower" {
              $frame {
                -1 0 0
                0 0 1
                0 1 0
                0.0147768 -0.0049178 -0.113178
               
              }
             }
             $node "LeftFacialLipUpper" {
              $frame {
                -1 0 0
                0 0 1
                0 1 0
                0.0171827 0.0077863 -0.1117124
               
              }
             }
             $node "LeftFacialLipCorner" {
              $frame {
                -1 0 0
                0 0 1
                0 1 0
                0.0278492 0.0032415 -0.1035589
               
              }
             }
             $node "LeftFacialChin" {
              $frame {
                -1 0 0
                0 0 1
                0 1 0
                0.0239199 -0.0193954 -0.1062375
               
              }
             }
             $node "LeftFacialCheekLower" {
              $frame {
                -1 0 0
                0 0 1
                0 1 0
                0.0433714 -0.0035531 -0.0920406
               
              }
             }
             $node "LeftFacialCheekMiddle" {
              $frame {
                -1 0 0
                0 0 1
                0 1 0
                0.0437669 0.0175723 -0.0943794
               
              }
             }
             $node "LeftFacialNoseCorner" {
              $frame {
                -1 0 0
                0 0 1
                0 1 0
                0.0184775 0.0320681 -0.1038483
               
              }
             }
             $node "LeftFacialCheekUpper" {
              $frame {
                -1 0 0
                0 0 1
                0 1 0
                0.0527377 0.049202 -0.0884869
               
              }
             }
             $node "LeftFacialEyelidLowerOuter" {
              $frame {
                -1 0 0
                0 0 1
                0 1 0
                0.0430919 0.0663507 -0.0873414
               
              }
             }
             $node "LeftFacialEyelidLowerMiddle" {
              $frame {
                -1 0 0
                0 0 1
                0 1 0
                0.0335557 0.0649864 -0.092293
               
              }
             }
             $node "LeftFacialEyelidLowerInner" {
              $frame {
                -1 0 0
                0 0 1
                0 1 0
                0.0224618 0.0667219 -0.0915097
               
              }
             }
             $node "LeftFacialEyelidUpperMiddle" {
              $frame {
                -1 0 0
                0 0 1
                0 1 0
                0.0332486 0.07974 -0.0921427
               
              }
             }
             $node "LeftFacialEyelidUpperInner" {
              $frame {
                -1 0 0
                0 0 1
                0 1 0
                0.0229146 0.0764203 -0.0913738
               
              }
             }
             $node "LeftFacialEyelidUpperOuter" {
              $frame {
                -1 0 0
                0 0 1
                0 1 0
                0.0422169 0.0777938 -0.0878033
               
              }
             }
             $node "LeftFacialEyebrowOuter" {
              $frame {
                -1 0 0
                0 0 1
                0 1 0
                0.0479293 0.0958089 -0.090545
               
              }
             }
             $node "LeftFacialEyebrowInner" {
              $frame {
                -1 0 0
                0 0 1
                0 1 0
                0.0139697 0.0955611 -0.1089397
               
              }
             }
             $node "FacialJaw" {
              $frame {
                -0.00001 -0.43849 -0.89874
                1 0 0
                -0 -0.89874 0.43849
                0.0000038 0.0050633 -0.0257212
               
              }
              $node "FacialChinMiddle" {
               $frame {
                 1 0 0
                 0 1 0
                 0 0 1
                 0.0959994 -0 0.0000006
                
               }
              }
              $node "FacialTongueBase" {
               $frame {
                 0.81915 -0 -0.57358
                 0 1 0
                 0.57358 -0 0.81915
                 0.0272026 -0 -0.0000002
                
               }
               $node "FacialTongueMiddle" {
                $frame {
                  1 0 0
                  0 1 0
                  0 0 1
                  0.0218028 0 -0.0000004
                 
                }
                $node "FacialTongueTip" {
                 $frame {
                   1 0 0
                   0 1 0
                   0 0 1
                   0.0218028 0 0
                  
                 }
                }
               }
              }
             }
             $node "RightFacialLipLower" {
              $frame {
                -0.9993 -0 -0.03737
                0.03737 -0 -0.9993
                0 -1 0
                -0.0157031 -0.0061666 -0.1105679
               
              }
             }
             $node "RightFacialLipUpper" {
              $frame {
                -0.9993 -0 -0.03737
                0.03737 -0 -0.9993
                0 -1 0
                -0.0171838 0.0077876 -0.109078
               
              }
             }
             $node "RightFacialLipCorner" {
              $frame {
                -0.9993 -0 -0.03737
                0.03737 -0 -0.9993
                0 -1 0
                -0.0268849 0.0020284 -0.1000472
               
              }
             }
             $node "RightFacialChin" {
              $frame {
                -1 0 0
                0 0 -1
                0 -1 0
                -0.0239212 -0.0193932 -0.0992915
               
              }
             }
             $node "RightFacialCheekLower" {
              $frame {
                -0.99931 -0 -0.03725
                0.03725 -0 -0.99931
                0 -1 0
                -0.0433726 -0.0035528 -0.0837369
               
              }
             }
             $node "RightFacialCheekMiddle" {
              $frame {
                -0.99931 -0 -0.03725
                0.03725 -0 -0.99931
                0 -1 0
                -0.0437677 0.0175678 -0.0902207
               
              }
             }
             $node "RightFacialCheekUpper" {
              $frame {
                -0.99931 -0 -0.03725
                0.03725 -0 -0.99931
                0 -1 0
                -0.052738 0.049198 -0.0835036
               
              }
             }
             $node "RightFacialEyelidLowerOuter" {
              $frame {
                -1 0 0
                0 0 -1
                0 -1 0
                -0.0430919 0.0663472 -0.085612
               
              }
             }
             $node "RightFacialEyelidLowerMiddle" {
              $frame {
                -1 0 0
                0 0 -1
                0 -1 0
                -0.0335559 0.0649873 -0.0915916
               
              }
             }
             $node "RightFacialEyelidLowerInner" {
              $frame {
                -1 0 0
                0 0 -1
                0 -1 0
                -0.0224619 0.0667171 -0.0908178
               
              }
             }
             $node "RightFacialEyelidUpperOuter" {
              $frame {
                -1 0 0
                0 0 -1
                0 -1 0
                -0.0422168 0.0777971 -0.0870752
               
              }
             }
             $node "RightFacialEyelidUpperMiddle" {
              $frame {
                -1 0 0
                0 0 -1
                0 -1 0
                -0.0332486 0.078938 -0.0921424
               
              }
             }
             $node "RightFacialEyelidUpperInner" {
              $frame {
                -1 0 0
                0 0 -1
                0 -1 0
                -0.0229145 0.076417 -0.0911892
               
              }
             }
             $node "EyeRight" {
              $frame {
                1 0 0
                0 0 -1
                0 1 0
                -0.0316093 0.0727793 -0.0788645
               
              }
              $node "EyeRightPupil" {
               $frame {
                 1 0 0
                 0 1 0
                 0 0 1
                 0.0000002 0.0103629 0
                
               }
              }
             }
             $node "RightFacialEyebrowOuter" {
              $frame {
                -0.99931 -0 -0.03725
                0.03725 -0 -0.99931
                0 -1 0
                -0.0479289 0.0958079 -0.0891678
               
              }
             }
             $node "RightFacialEyebrowInner" {
              $frame {
                -0.9993 -0 -0.03737
                0.03737 -0 -0.9993
                0 -1 0
                -0.0139695 0.0955581 -0.1089396
               
              }
             }
             $node "RightFacialNoseCorner" {
              $frame {
                -0.9993 -0 -0.03737
                0.03737 -0 -0.9993
                0 -1 0
                -0.0185976 0.0320678 -0.1026719
               
              }
             }
             $node "Camera" {
              $frame {
                1 0 0
                0 1 0
                0 0 1
                0 0 0
               
              }
             }
            }
           }
          }
         }
         $node "LeftPectoral" {
          $frame {
            0.11142 -0.98907 -0.0966
            -0.00632 -0.09791 0.99518
            -0.99375 -0.11027 -0.01716
            -0.0891124 0.171252 0.1053701
           
          }
         }
         $node "RightPectoral" {
          $frame {
            -0.0063 0.09791 -0.99518
            -0.11142 -0.98907 -0.0966
            -0.99375 0.11027 0.01714
            0.0891105 0.1712504 0.1053712
           
          }
         }
         $node "LeftShoulderBlade" {
          $frame {
            0.00894 0.09768 -0.99518
            -0.15685 0.98304 0.09508
            0.98758 0.15524 0.02411
            -0.1084673 0.2319705 -0.1238643
           
          }
         }
         $node "RightShoulderBlade" {
          $frame {
            -0.00892 0.09768 -0.99518
            0.15685 0.98304 0.09508
            0.98758 -0.15524 -0.02409
            0.1084687 0.2319676 -0.1238627
           
          }
         }
         $node "RightShoulder" {
          $frame {
            0.05801 -0.08426 0.99475
            -0.99811 0.01544 0.05952
            -0.02038 -0.99632 -0.08321
            0.0624973 0.2354599 -0.0243256
           
          }
          $node "RightArm" {
           $frame {
             0.99831 0.03104 0.0491
             0.01449 0.68539 -0.72803
             -0.05625 0.72752 0.68378
             -0.0010962 -0.1093654 -0.0026126
            
           }
           $node "RightArmTwist" {
            $frame {
              1 0 0
              0 1 0
              0 0 1
              0.0000006 -0.1415199 0.0000037
             
            }
            $node "RightForeArm" {
             $frame {
               -0.02424 0.0251 0.99939
               -0.64238 0.7656 -0.03481
               -0.766 -0.64283 -0.00243
               -0.0000008 -0.1442245 -0.000004
              
             }
             $node "RightForeArmTwist" {
              $frame {
                1 0 0
                0 1 0
                0 0 1
                0.0000019 -0.1356329 0.0000034
               
              }
              $node "RightHand" {
               $frame {
                 -0.33994 0.19352 -0.92032
                 0.20794 0.96985 0.12712
                 0.91717 -0.14816 -0.36993
                 0.000009 -0.1343702 0.0000023
                
               }
               $node "RightHandMiddle1" {
                $frame {
                  0.99795 0.05258 -0.03635
                  -0.05336 0.99836 -0.0207
                  0.0352 0.0226 0.99912
                  0.0112445 -0.0271382 -0.0031551
                 
                }
                $node "RightHandMiddle2" {
                 $frame {
                   0.99829 0.05638 0.01528
                   -0.05525 0.99626 -0.06645
                   -0.01897 0.06549 0.99767
                   -0.0000028 -0.0791413 0.0000012
                  
                 }
                 $node "RightHandMiddle3" {
                  $frame {
                    0.99945 -0.03094 0.01162
                    0.02795 0.60367 -0.79674
                    0.01764 0.79663 0.60421
                    0.0000007 -0.0399417 -0.0000007
                   
                  }
                  $node "RightHandMiddle4" {
                   $frame {
                     0.99064 0.12864 -0.04564
                     -0.1361 0.90526 -0.40247
                     -0.01045 0.40492 0.91429
                     0.0000028 -0.0297475 0.0000009
                    
                   }
                   $node "RightHandMiddle5" {
                    $frame {
                      1 0 0
                      0 1 0
                      0 0 1
                      -0.0000001 -0.023195 0.0000001
                     
                    }
                   }
                  }
                 }
                }
               }
               $node "RightHandRing1" {
                $frame {
                  0.99233 -0.00632 -0.12346
                  0.0041 0.99982 -0.01826
                  0.12356 0.01761 0.99218
                  -0.0038715 -0.0276417 -0.0019884
                 
                }
                $node "RightHandRing2" {
                 $frame {
                   1 0 0
                   -0 0.98368 -0.17991
                   0 0.17991 0.98368
                   0.0000001 -0.0786277 -0
                  
                 }
                 $node "RightHandRing3" {
                  $frame {
                    1 0 0
                    -0 0.47815 -0.87828
                    -0 0.87828 0.47815
                    -0.0000007 -0.0334233 -0.0000007
                   
                  }
                  $node "RightHandRing4" {
                   $frame {
                     1 0 0
                     -0 0.92801 -0.37254
                     0 0.37254 0.92801
                     0.0000002 -0.0314665 0.000001
                    
                   }
                   $node "RightHandRing5" {
                    $frame {
                      1 0 0
                      0 1 0
                      0 0 1
                      0.0000002 -0.0250341 0
                     
                    }
                   }
                  }
                 }
                }
               }
               $node "RightHandPinky1" {
                $frame {
                  0.99822 -0.05947 0.00475
                  0.05966 0.99498 -0.08038
                  0.00005 0.08053 0.99675
                  -0.0255408 -0.0277061 0.0012634
                 
                }
                $node "RightHandPinky2" {
                 $frame {
                   0.95068 -0.16263 -0.26413
                   0.15396 0.98664 -0.05334
                   0.26928 0.01004 0.96301
                   0.0000001 -0.0714944 -0.0000002
                  
                 }
                 $node "RightHandPinky3" {
                  $frame {
                    1 0 0
                    0.00953 0.57219 -0.82007
                    -0.00665 0.82012 0.57215
                    -0.0000002 -0.0272489 0.0000003
                   
                  }
                  $node "RightHandPinky4" {
                   $frame {
                     0.99558 0.09395 0
                     -0.07878 0.83477 -0.54493
                     -0.0512 0.54252 0.83848
                     0.0000004 -0.0225981 -0.0000001
                    
                   }
                   $node "RightHandPinky5" {
                    $frame {
                      1 0 0
                      0 1 0
                      0 0 1
                      0 -0.0225096 -0.0000001
                     
                    }
                   }
                  }
                 }
                }
               }
               $node "RightHandIndex1" {
                $frame {
                  0.96548 0.1475 0.21467
                  -0.14729 0.98895 -0.01709
                  -0.21482 -0.01512 0.97654
                  0.0266601 -0.0269263 0.0003023
                 
                }
                $node "RightHandIndex2" {
                 $frame {
                   0.9609 0.27688 -0
                   -0.27513 0.95482 0.11236
                   0.03111 -0.10797 0.99367
                   -0.0000001 -0.0717291 -0.0000001
                  
                 }
                 $node "RightHandIndex3" {
                  $frame {
                    1 0 0
                    0 0.70373 -0.71046
                    -0 0.71046 0.70373
                    -0.0000003 -0.0380917 0
                   
                  }
                  $node "RightHandIndex4" {
                   $frame {
                     1 0 0
                     0 0.86052 -0.50942
                     0 0.50942 0.86052
                     0.0000014 -0.0254173 -0.0000005
                    
                   }
                   $node "RightHandIndex5" {
                    $frame {
                      1 0 0
                      0 1 0
                      0 0 1
                      -0 -0.025971 0.0000003
                     
                    }
                   }
                  }
                 }
                }
               }
               $node "RightHandThumb1" {
                $frame {
                  0.07687 0.41564 0.90627
                  -0.30438 0.87535 -0.37565
                  -0.94944 -0.24698 0.1938
                  0.010715 0.0063777 0.0053703
                 
                }
                $node "RightHandThumb2" {
                 $frame {
                   1 0 0
                   0 0.87844 0.47785
                   0 -0.47785 0.87844
                   -0.0000007 -0.0316077 -0.0000017
                  
                 }
                 $node "RightHandThumb3" {
                  $frame {
                    1 0 0
                    0 0.87571 -0.48284
                    0 0.48284 0.87571
                    -0.0000013 -0.0461262 -0.0000047
                   
                  }
                  $node "RightHandThumb4" {
                   $frame {
                     1 0 0
                     0 0.99804 -0.06261
                     0 0.06261 0.99804
                     0 -0.0318684 0.0000012
                    
                   }
                   $node "RightHandThumb5" {
                    $frame {
                      1 0 0
                      0 1 0
                      0 0 1
                      -0.0000011 -0.0334458 -0.0000003
                     
                    }
                   }
                  }
                 }
                }
               }
               $node "RightHandInbetween" {
                $frame {
                  0.99006 0.13981 -0.01535
                  -0.14064 0.9857 -0.0928
                  0.00215 0.09404 0.99557
                  0.0419749 -0.0639502 0.0249352
                 
                }
               }
               $node "RightHandProp" {
                $frame {
                  -0.62061 0.69704 -0.35914
                  0.75332 0.40291 -0.51978
                  -0.2176 -0.59313 -0.77514
                  0.1475806 -0.0064494 -0.5095055
                 
                }
               }
              }
              $node "RightHandUpperVolume" {
               $frame {
                 -0.33994 0.19351 -0.92032
                 0.20794 0.96985 0.12712
                 0.91717 -0.14816 -0.36993
                 -0.000001 -0.134366 0.0000003
                
               }
              }
              $node "RightHandLowerVolume" {
               $frame {
                 -0.33994 0.19351 -0.92032
                 0.20794 0.96985 0.12712
                 0.91717 -0.14816 -0.36993
                 0.0000062 -0.1343695 0.0000022
                
               }
              }
             }
             $node "RightForeArmVolume" {
              $frame {
                0.69848 -0.45984 -0.54833
                0.25309 0.87544 -0.41176
                0.66938 0.14883 0.72786
                0 0 0
               
              }
             }
            }
           }
           $node "RightArmVolume" {
            $frame {
              1 0 0
              0 1 0
              0 0 1
              0 0 0
             
            }
           }
          }
         }
         $node "LeftShoulder" {
          $frame {
            0.0579 0.08426 -0.99476
            -0.99811 -0.01547 -0.0594
            -0.02039 0.99632 0.08321
            -0.0625002 0.2354589 -0.0243257
           
          }
          $node "LeftArm" {
           $frame {
             0.99832 0.03092 0.0491
             0.01458 0.68538 -0.72804
             -0.05616 0.72753 0.68378
             0.0011089 0.1093659 0.0026185
            
           }
           $node "LeftArmTwist" {
            $frame {
              1 0 0
              0 1 0
              0 0 1
              -0.0000005 0.1415193 -0.0000012
             
            }
            $node "LeftForeArm" {
             $frame {
               -0.02424 0.02511 0.99939
               -0.64238 0.76559 -0.03481
               -0.766 -0.64284 -0.00243
               0.0000007 0.1442247 0.0000032
              
             }
             $node "LeftForeArmTwist" {
              $frame {
                1 0 0
                0 1 0
                0 0 1
                0.0000001 0.1356332 -0.0000037
               
              }
              $node "LeftHand" {
               $frame {
                 -0.33994 0.19351 -0.92032
                 0.20794 0.96985 0.12712
                 0.91717 -0.14816 -0.36993
                 -0.0000094 0.1343703 -0.0000025
                
               }
               $node "LeftHandProp" {
                $frame {
                  -0.62061 0.69704 -0.35914
                  -0.75332 -0.40291 0.51978
                  0.2176 0.59313 0.77514
                  -0.1601769 -0.0126058 0.4776765
                 
                }
               }
               $node "LeftHandInbetween" {
                $frame {
                  0.99006 0.13981 -0.01535
                  -0.14063 0.9857 -0.0928
                  0.00215 0.09404 0.99557
                  -0.0415692 0.0642528 -0.0247455
                 
                }
               }
               $node "LeftHandMiddle1" {
                $frame {
                  0.99795 0.05258 -0.03635
                  -0.05336 0.99836 -0.0207
                  0.0352 0.0226 0.99912
                  -0.0112448 0.0271377 0.00315
                 
                }
                $node "LeftHandMiddle2" {
                 $frame {
                   0.99829 0.05638 0.01528
                   -0.05525 0.99626 -0.06645
                   -0.01897 0.06549 0.99767
                   0.0000031 0.0791411 -0.0000015
                  
                 }
                 $node "LeftHandMiddle3" {
                  $frame {
                    0.99945 -0.03094 0.01162
                    0.02795 0.60367 -0.79674
                    0.01764 0.79663 0.60421
                    -0.0000005 0.0399419 -0.0000011
                   
                  }
                  $node "LeftHandMiddle4" {
                   $frame {
                     0.99064 0.12864 -0.04564
                     -0.13609 0.90526 -0.40247
                     -0.01046 0.40492 0.91429
                     -0.0000027 0.0297475 0.0000006
                    
                   }
                   $node "LeftHandMiddle5" {
                    $frame {
                      1 0 0
                      0 1 0
                      0 0 1
                      -0.0000003 0.0231955 0.0000005
                     
                    }
                   }
                  }
                 }
                }
               }
               $node "LeftHandRing1" {
                $frame {
                  0.99233 -0.00632 -0.12346
                  0.0041 0.99982 -0.01826
                  0.12356 0.01761 0.99218
                  0.003871 0.0276406 0.0019826
                 
                }
                $node "LeftHandRing2" {
                 $frame {
                   1 0 0
                   0 0.98368 -0.17991
                   0 0.17991 0.98368
                   -0.0000001 0.0786278 0.0000025
                  
                 }
                 $node "LeftHandRing3" {
                  $frame {
                    1 0 0
                    -0 0.47815 -0.87828
                    -0 0.87828 0.47815
                    -0 0.0334233 -0.0000009
                   
                  }
                  $node "LeftHandRing4" {
                   $frame {
                     1 0 0
                     -0 0.92801 -0.37254
                     0 0.37254 0.92801
                     0.0000001 0.0314674 0.0000002
                    
                   }
                   $node "LeftHandRing5" {
                    $frame {
                      1 0 0
                      0 1 0
                      0 0 1
                      -0.0000003 0.0250338 -0.0000002
                     
                    }
                   }
                  }
                 }
                }
               }
               $node "LeftHandPinky1" {
                $frame {
                  0.99822 -0.05947 0.00475
                  0.05966 0.99498 -0.08039
                  0.00005 0.08053 0.99675
                  0.0255403 0.027705 -0.0012667
                 
                }
                $node "LeftHandPinky2" {
                 $frame {
                   0.95068 -0.16263 -0.26413
                   0.15396 0.98664 -0.05334
                   0.26928 0.01004 0.96301
                   0.0000007 0.0714944 -0.0000021
                  
                 }
                 $node "LeftHandPinky3" {
                  $frame {
                    1 0 0
                    0.00953 0.57219 -0.82007
                    -0.00665 0.82012 0.57215
                    -0.0000003 0.0272486 0.0000066
                   
                  }
                  $node "LeftHandPinky4" {
                   $frame {
                     0.99558 0.09395 -0
                     -0.07878 0.83477 -0.54493
                     -0.0512 0.54252 0.83848
                     -0.0000007 0.0225988 -0.0000029
                    
                   }
                   $node "LeftHandPinky5" {
                    $frame {
                      1 0 0
                      0 1 0
                      0 0 1
                      -0.0000003 0.0225095 0.0000006
                     
                    }
                   }
                  }
                 }
                }
               }
               $node "LeftHandIndex1" {
                $frame {
                  0.96548 0.1475 0.21467
                  -0.14729 0.98895 -0.01709
                  -0.21482 -0.01512 0.97654
                  -0.0266602 0.0269263 -0.0003047
                 
                }
                $node "LeftHandIndex2" {
                 $frame {
                   0.9609 0.27688 0
                   -0.27513 0.95482 0.11236
                   0.03111 -0.10797 0.99367
                   0.0000001 0.0717275 -0.0000051
                  
                 }
                 $node "LeftHandIndex3" {
                  $frame {
                    1 0 0
                    -0 0.70373 -0.71046
                    0 0.71046 0.70373
                    -0 0.0380923 0.0000011
                   
                  }
                  $node "LeftHandIndex4" {
                   $frame {
                     1 0 0
                     0 0.86052 -0.50942
                     -0 0.50942 0.86052
                     -0.0000015 0.025417 0.0000043
                    
                   }
                   $node "LeftHandIndex5" {
                    $frame {
                      1 0 0
                      0 1 0
                      0 0 1
                      0.0000013 0.0259708 -0.0000004
                     
                    }
                   }
                  }
                 }
                }
               }
               $node "LeftHandThumb1" {
                $frame {
                  0.07687 0.41564 0.90627
                  -0.30438 0.87535 -0.37564
                  -0.94944 -0.24698 0.1938
                  -0.010715 -0.0063784 -0.0053728
                 
                }
                $node "LeftHandThumb2" {
                 $frame {
                   1 0 0
                   0 0.87844 0.47785
                   -0 -0.47785 0.87844
                   -0.0000009 0.0316084 0.0000011
                  
                 }
                 $node "LeftHandThumb3" {
                  $frame {
                    1 0 0
                    -0 0.87571 -0.48284
                    0 0.48284 0.87571
                    -0.0000027 0.0461261 0.0000046
                   
                  }
                  $node "LeftHandThumb4" {
                   $frame {
                     1 0 0
                     -0 0.99804 -0.06261
                     0 0.06261 0.99804
                     0.0000005 0.0318686 -0.0000017
                    
                   }
                   $node "LeftHandThumb5" {
                    $frame {
                      1 0 0
                      0 1 0
                      0 0 1
                      -0.0000005 0.0334479 -0.0000059
                     
                    }
                   }
                  }
                 }
                }
               }
              }
              $node "LeftHandUpperVolume" {
               $frame {
                 -0.33994 0.19351 -0.92032
                 0.20794 0.96985 0.12712
                 0.91717 -0.14816 -0.36993
                 0.0000002 0.1343657 -0.0000001
                
               }
              }
              $node "LeftHandLowerVolume" {
               $frame {
                 -0.33994 0.19351 -0.92032
                 0.20794 0.96985 0.12712
                 0.91717 -0.14816 -0.36993
                 -0.0000099 0.1343703 -0.0000029
                
               }
              }
             }
             $node "LeftForeArmVolume" {
              $frame {
                0.69848 -0.45984 -0.54833
                0.25309 0.87544 -0.41177
                0.66938 0.14884 0.72786
                0 0 0
               
              }
             }
            }
           }
           $node "LeftArmVolume" {
            $frame {
              0.99958 0.00729 -0.02809
              0.00445 0.91794 0.3967
              0.02868 -0.39666 0.91752
              0 0 0
             
            }
           }
          }
         }
        }
        $node "Stomach3" {
         $frame {
           -1 0 0
           -0.00001 -0.29334 0.95601
           -0 0.95601 0.29334
           -0.0000009 -0.0118887 0.1142582
          
         }
        }
       }
       $node "Stomach2" {
        $frame {
          -1 0 0
          -0.00001 -0.09586 0.99539
          -0 0.99539 0.09586
          -0.0000008 -0.0095371 0.114175
         
        }
       }
      }
     }
     $node "Stomach1" {
      $frame {
        -1 0 0
        0 0.07574 0.99713
        -0 0.99713 -0.07574
        0 0.0272696 0.11018
       
      }
     }
    }
    $node "RightLegClothF" {
     $frame {
       0 0 1
       0 1 0
       -1 0 0
       0.103 -0.0178525 0.1073259
      
     }
    }
    $node "LeftLegClothF" {
     $frame {
       0 0 1
       0 1 0
       -1 0 0
       -0.102983 -0.0175562 0.1071642
      
     }
    }
    $node "RightLegClothB" {
     $frame {
       0 1 0
       0 0 1
       1 0 0
       0.103 -0.0178503 -0.0938737
      
     }
    }
    $node "LeftLegClothB" {
     $frame {
       0 1 0
       0 0 1
       1 0 0
       -0.103 -0.0178498 -0.093874
      
     }
    }
    $node "RightLeg" {
     $frame {
       -0.99678 -0.08007 -0.00403
       -0.08017 0.99552 0.0501
       -0 0.05026 -0.99874
       0.102571 -0.0161228 0.0010993
      
     }
     $node "RightLegTwist" {
      $frame {
        1 0 0
        0 1 0
        0 0 1
        -0.0000009 -0.2113309 0.0000003
       
      }
      $node "RightKnee" {
       $frame {
         0.99957 -0.02893 -0.00566
         0.02867 0.99875 -0.04091
         0.00684 0.04073 0.99915
         0.0000005 -0.2048716 0.0000001
        
       }
       $node "RightKneeTwist" {
        $frame {
          1 0 0
          0 1 0
          0 0 1
          -0.0000003 -0.1903801 0
         
        }
        $node "RightFoot" {
         $frame {
           0.98528 0.11124 -0.12978
           0.0689 0.4364 0.89711
           0.15643 -0.89285 0.42231
           0.0000005 -0.2178427 0.0000001
          
         }
         $node "RightToe" {
          $frame {
            1 0 0
            0.00057 0.86111 0.50842
            0 -0.50842 0.86111
            0.0000001 -0.1406012 0.0000019
           
          }
         }
        }
       }
       $node "RightKneeVolume" {
        $frame {
          1 0 0
          0 1 0
          0 0 1
          0 0 0
         
        }
       }
      }
     }
     $node "RightLegVolume" {
      $frame {
        1 0 0
        0 1 0
        0 0 1
        0 0 0
       
      }
     }
    }
    $node "LeftLeg" {
     $frame {
       -0.99678 0.08007 0.00403
       -0.08017 -0.99552 -0.05011
       -0 -0.05027 0.99874
       -0.102571 -0.016123 0.0010993
      
     }
     $node "LeftLegTwist" {
      $frame {
        1 0 0
        0 1 0
        0 0 1
        0.0000009 0.2113307 -0.0000001
       
      }
      $node "LeftKnee" {
       $frame {
         0.99957 -0.02893 -0.00567
         0.02867 0.99875 -0.04091
         0.00684 0.04073 0.99915
         -0.0000005 0.2048678 -0.0000003
        
       }
       $node "LeftKneeTwist" {
        $frame {
          1 0 0
          0 1 0
          0 0 1
          0.0000004 0.1903767 -0
         
        }
        $node "LeftFoot" {
         $frame {
           0.98528 0.11124 -0.12978
           0.0689 0.4364 0.89711
           0.15643 -0.89285 0.42231
           -0.0000006 0.2178394 -0.0000001
          
         }
         $node "LeftToe" {
          $frame {
            1 0 0
            0 0.86111 0.50843
            0 -0.50843 0.86111
            -0.0000001 0.1406004 0.0000001
           
          }
         }
        }
       }
       $node "LeftKneeVolume" {
        $frame {
          1 0 0
          0 1 0
          0 0 1
          0 0 0
         
        }
       }
      }
     }
     $node "LeftLegVolume" {
      $frame {
        1 0 0
        0 1 0
        0 0 1
        0 0 0
       
      }
     }
    }
   }
   $node "Collision" {
    $frame {
      1 0 0
      0 1 0
      0 0 1
      0 0 0
     
    }
   }
   $node "LeftHand_IK_Target" {
    $frame {
      0.2176 -0.62061 -0.75332
      0.59313 0.69704 -0.40291
      0.77514 -0.35914 0.51978
      0.4983155 0.0720785 1.0458705
     
    }
   }
   $node "RightHand_IK_Target" {
    $frame {
      0.21761 0.62061 0.75332
      0.59313 -0.69704 0.40291
      0.77514 0.35914 -0.51978
      -0.4983156 0.072078 1.0458634
     
    }
   }
   $node "LeftFoot_IK_Target" {
    $frame {
      0.99018 -0.13953 0.00909
      0.12495 0.85378 -0.50543
      0.06276 0.5016 0.86282
      0.1802878 -0.0770378 0.0999886
     
    }
   }
   $node "RightFoot_IK_Target" {
    $frame {
      0.99018 0.13953 -0.0091
      0.12495 -0.85378 0.50542
      0.06275 -0.50159 -0.86282
      -0.180289 -0.0770349 0.099978
     
    }
   }
   $node "Spine_IK_Target" {
    $frame {
      -1 0 0
      -0.00001 -0.09896 0.99509
      -0 0.99509 0.09896
      -0.0000012 -0.0252833 1.1915535
     
    }
   }
  }
  $node "EntityPosition" {
   $frame {
     1 0 0
     0 0 -1
     0 1 0
     0 0 0
    
   }
  }
 }
 $materials {
  $material "M_DogTags" {
   #UVset 0
  }
 }
 $lod 0 {
  #lodFactor 0.5
  $bones {
    "Spine5"
    "Neck1"
    "Neck3"
    "Head"
    "LeftPectoral"
    "RightPectoral"
    "RightShoulder"
    "LeftShoulder"
  }
  $mesh "Dog_Tag" {
   #texCoords 1
   $faces {
     0 3 0 1 2
     0 3 3 4 5
     0 3 6 7 8
     0 3 9 10 11
     0 3 12 13 14
     0 3 15 16 17
     0 3 18 19 20
     0 3 21 22 23
     0 3 24 25 26
     0 3 27 28 29
     0 3 30 31 32
     0 3 33 34 35
     0 3 36 37 38
     0 3 39 40 41
     0 3 42 43 44
     0 3 45 46 47
     0 3 48 49 50
     0 3 51 52 53
     0 3 54 55 56
     0 3 57 58 59
     0 3 60 61 62
     0 3 63 64 65
     0 3 66 67 68
     0 3 69 70 71
     0 3 72 73 74
     0 3 75 76 77
     0 3 78 79 80
     0 3 81 82 83
     0 3 84 85 86
     0 3 87 88 89
     0 3 90 91 92
     0 3 93 94 95
     0 3 96 97 98
